100 236 
0 4.4 36.5
1 7.5 75.0
2 78.8 81.9
3 16.6 50.3
4 60.0 18.5
5 2.1 74.2
6 54.7 43.6
7 17.1 42.9
8 51.8 74.6
9 10.8 97.8
10 85.9 74.3
11 80.8 96.0
12 44.6 34.0
13 45.2 58.0
14 24.2 29.1
15 77.3 36.8
16 65.4 17.9
17 64.0 18.1
18 21.1 5.2
19 46.4 32.6
20 10.6 64.9
21 60.5 18.8
22 38.5 77.1
23 20.2 22.4
24 39.9 83.8
25 92.3 17.8
26 11.6 6.7
27 44.4 47.1
28 80.1 5.2
29 17.7 77.2
30 35.5 63.6
31 38.5 41.6
32 93.8 35.8
33 33.3 13.9
34 18.6 90.2
35 6.2 93.4
36 1.1 50.4
37 92.2 47.1
38 75.9 41.9
39 33.1 25.5
40 1.6 43.6
41 0.2 18.5
42 12.1 62.8
43 11.9 75.3
44 14.9 91.2
45 86.1 41.6
46 16.4 17.7
47 46.8 16.6
48 5.6 22.3
49 82.6 70.5
50 5.1 54.6
51 7.4 37.7
52 17.2 31.9
53 37.6 41.1
54 15.6 96.2
55 99.5 82.3
56 85.5 12.5
57 36.3 96.0
58 14.0 37.4
59 60.3 34.0
60 23.7 84.7
61 19.6 67.4
62 35.9 98.3
63 83.3 64.2
64 72.1 85.1
65 35.8 17.3
66 91.8 7.3
67 93.3 17.0
68 11.2 56.4
69 79.9 13.8
70 63.8 16.6
71 59.3 7.1
72 85.7 64.0
73 18.1 51.2
74 69.0 12.8
75 18.7 89.8
76 71.7 95.0
77 72.8 37.3
78 12.4 1.3
79 65.6 72.0
80 21.3 46.1
81 87.8 18.3
82 51.4 22.8
83 79.0 49.3
84 47.2 59.5
85 60.2 34.1
86 29.9 90.3
87 90.1 63.2
88 54.0 5.2
89 67.9 56.2
90 44.8 4.3
91 74.5 60.0
92 59.6 63.7
93 54.2 77.8
94 74.4 10.2
95 88.8 39.7
96 8.5 87.7
97 17.8 55.7
98 88.0 85.3
99 11.7 66.5
1 85
27 94
13 37
13 87
13 67
61 84
4 82
38 73
51 94
11 45
21 55
13 36
42 89
12 20
50 98
86 90
75 94
90 96
82 87
38 72
48 76
3 95
13 55
36 50
32 75
60 77
32 47
19 62
19 42
22 69
53 83
10 57
63 73
4 49
52 73
4 45
83 89
19 61
40 95
82 85
65 81
5 34
56 92
1 21
19 40
25 48
23 91
14 27
13 22
6 89
0 45
87 92
44 76
16 62
6 38
43 90
45 51
58 82
46 97
27 68
92 93
23 60
39 73
2 85
43 69
40 61
47 91
3 40
23 90
13 20
8 72
16 41
28 31
1 43
7 12
18 52
11 99
65 78
31 69
87 89
30 53
75 88
4 75
25 95
19 57
6 86
6 66
19 87
11 68
34 83
23 59
25 63
28 61
8 59
23 89
32 99
7 90
30 50
19 36
56 88
27 85
0 59
79 98
2 52
12 42
32 60
63 97
37 78
25 93
11 56
24 35
22 82
32 89
45 77
60 88
73 94
7 39
36 72
92 98
19 24
66 79
12 99
79 86
8 26
28 99
56 66
2 50
39 88
63 65
7 37
70 82
17 62
41 72
32 68
36 60
6 82
10 18
9 41
3 65
41 71
12 29
13 75
15 36
17 40
70 81
7 87
17 41
43 83
38 81
77 94
11 33
32 66
42 47
57 89
16 85
50 76
15 35
52 87
6 20
23 84
7 66
52 97
25 69
48 64
50 95
60 84
5 69
25 56
57 98
4 98
45 92
25 37
49 68
4 7
7 83
7 53
12 56
42 62
1 60
75 80
80 82
81 87
17 68
66 94
82 93
7 22
15 22
18 63
42 74
41 58
15 32
52 84
38 47
29 99
3 20
30 44
2 63
0 53
44 53
93 98
2 44
58 70
61 98
65 68
4 55
54 63
1 58
30 92
4 85
6 45
77 89
66 93
2 13
79 80
34 93
42 72
26 90
70 95
4 34
42 61
5 9
30 42
10 31
22 93
50 60
83 93
34 41
85 97
0 81
21 87
45 98
18 90
60 80
7 80
14 63
40 49
