100 850 
0 48.0 45.7
1 50.5 69.6
2 42.5 14.3
3 61.1 51.6
4 47.8 5.0
5 41.1 80.7
6 39.8 94.3
7 96.2 1.3
8 41.2 93.6
9 87.1 17.4
10 15.7 25.3
11 81.5 66.7
12 63.9 14.9
13 91.5 37.6
14 69.8 29.2
15 1.3 90.3
16 69.8 58.8
17 24.9 20.7
18 8.5 76.4
19 45.1 99.7
20 63.3 88.1
21 5.3 75.9
22 92.2 52.1
23 77.9 38.6
24 78.7 31.9
25 21.8 97.4
26 98.8 95.8
27 41.0 37.9
28 63.5 0.0
29 29.8 54.0
30 14.5 7.1
31 86.1 4.4
32 94.9 79.7
33 96.5 75.8
34 88.9 42.8
35 83.7 11.6
36 65.4 16.9
37 99.8 75.1
38 66.1 52.9
39 9.1 72.7
40 85.3 28.7
41 31.9 62.6
42 78.4 85.4
43 55.4 49.5
44 70.3 10.0
45 50.4 3.1
46 22.4 99.6
47 85.7 3.9
48 15.5 84.6
49 31.0 23.0
50 17.8 69.3
51 63.2 23.3
52 17.2 58.4
53 58.9 7.5
54 17.7 20.2
55 1.4 70.4
56 40.1 92.0
57 46.6 99.3
58 5.7 10.5
59 85.0 76.3
60 67.6 98.1
61 31.2 65.7
62 52.9 75.3
63 18.4 6.0
64 67.5 94.9
65 85.3 59.9
66 52.8 34.9
67 93.6 77.7
68 66.9 55.8
69 96.1 43.2
70 78.6 61.9
71 64.6 62.9
72 7.5 37.1
73 4.0 83.8
74 96.9 20.1
75 28.3 4.2
76 15.8 57.8
77 7.4 80.0
78 14.2 43.0
79 28.8 26.4
80 60.9 2.3
81 57.2 80.9
82 13.7 73.7
83 12.8 99.5
84 0.3 16.5
85 45.6 68.4
86 22.8 22.7
87 53.1 12.5
88 59.2 62.2
89 17.6 91.2
90 30.6 55.6
91 74.9 54.0
92 51.5 88.6
93 72.5 76.1
94 3.0 84.3
95 12.2 14.8
96 1.6 89.5
97 36.5 70.9
98 20.4 60.4
99 9.0 44.9
83 93
23 47
38 82
36 94
23 37
37 83
29 35
48 75
12 43
25 59
53 86
21 86
69 97
42 64
5 88
2 65
6 82
4 44
5 97
36 71
5 38
28 68
56 96
27 74
81 87
1 7
41 88
44 88
67 77
79 93
44 61
10 82
55 92
20 60
2 24
19 75
9 38
46 49
43 89
10 32
60 86
7 30
3 63
23 42
6 95
4 39
54 70
27 42
56 60
59 60
68 89
13 82
52 55
65 66
9 65
84 96
1 84
35 45
43 62
1 66
21 81
19 43
12 97
5 24
55 69
88 96
42 95
44 56
5 33
72 89
44 65
11 71
4 7
58 75
80 97
31 36
24 87
22 43
32 99
16 29
42 77
0 99
43 71
24 37
61 93
73 78
36 66
17 32
59 96
19 29
4 66
46 71
14 44
15 97
82 94
70 85
67 99
9 51
21 76
10 95
12 83
75 89
62 87
49 50
19 97
35 90
0 58
6 13
48 65
11 89
42 45
43 98
8 66
61 75
10 45
3 99
20 23
13 77
8 84
78 98
47 65
54 97
49 77
23 64
63 81
39 84
22 88
65 79
28 49
16 33
33 79
86 88
51 56
44 51
50 71
38 90
36 52
70 99
8 34
37 46
46 98
22 29
15 83
13 45
6 99
14 39
23 50
61 70
49 72
52 77
53 57
40 52
74 99
58 97
10 90
24 50
27 32
13 63
44 78
10 99
21 71
37 73
10 40
0 3
33 74
5 73
11 34
7 52
74 85
37 59
6 8
22 51
84 95
62 82
17 63
58 83
0 80
20 95
20 63
34 68
21 89
11 52
22 33
18 66
63 76
4 47
7 79
17 90
55 95
7 20
6 35
81 90
34 86
66 86
75 79
89 98
1 92
32 48
60 62
51 78
20 72
25 98
81 85
44 73
9 41
11 20
37 68
6 53
68 87
37 86
24 72
63 71
24 63
6 21
28 39
16 73
4 92
43 47
4 42
20 31
7 74
43 74
14 79
24 40
41 86
20 26
10 21
78 92
32 93
63 89
8 42
27 63
0 93
65 96
26 78
34 81
62 95
24 99
9 27
68 69
33 37
87 99
44 68
9 36
29 51
11 15
20 67
22 46
23 99
62 72
1 23
40 60
12 27
26 73
59 90
16 59
1 64
31 66
27 90
25 52
45 80
2 49
4 28
29 78
62 99
1 5
82 92
15 86
58 73
2 76
9 81
63 84
36 64
59 67
0 29
1 82
27 58
94 99
51 68
47 86
2 17
3 70
7 87
14 42
43 96
31 34
66 94
30 58
20 80
13 93
47 54
2 94
41 49
67 97
13 16
58 86
19 27
12 81
0 6
20 21
46 69
66 89
31 52
5 17
6 70
1 77
27 53
33 90
79 81
28 92
61 91
29 81
78 87
23 80
16 22
70 88
1 45
0 24
42 70
62 85
36 50
11 64
10 70
20 48
57 92
15 81
29 41
20 93
18 37
22 36
73 94
87 93
10 88
4 77
49 93
2 7
34 89
25 96
22 44
76 94
16 49
34 98
18 28
36 77
34 39
29 59
37 71
2 39
22 54
8 77
62 80
3 33
49 88
36 95
18 55
45 97
1 99
72 77
68 95
23 43
36 45
77 88
97 99
53 55
33 72
45 88
2 57
50 64
5 89
19 49
37 98
64 91
13 97
16 44
5 39
72 95
15 17
41 57
26 81
65 90
4 90
9 66
15 62
16 94
59 75
65 99
8 13
42 83
71 95
5 15
18 82
63 92
28 60
2 25
44 71
25 37
46 50
49 65
37 66
5 84
41 79
4 13
1 67
63 69
31 42
81 83
13 33
3 46
64 68
46 95
36 58
34 52
76 89
24 61
16 71
32 73
60 87
62 75
71 72
8 72
23 70
18 50
55 61
4 31
54 76
11 45
12 98
5 25
30 75
28 37
28 82
28 55
7 72
9 34
38 73
50 77
4 67
73 84
8 67
17 24
59 61
24 29
56 65
87 88
19 62
27 70
43 72
16 39
58 94
3 73
31 87
55 97
7 40
61 76
30 43
15 98
39 58
11 90
52 83
26 94
83 89
27 97
44 84
43 90
14 63
40 67
19 30
59 97
11 31
53 77
10 46
11 99
20 24
54 89
1 3
12 34
67 68
29 94
15 84
18 63
21 95
9 79
43 58
16 25
42 73
46 90
19 57
9 20
14 90
10 14
19 66
7 85
14 99
23 33
74 91
33 43
35 36
26 39
76 79
68 80
24 51
18 40
30 65
36 80
9 47
18 99
11 26
53 72
2 42
12 20
78 85
0 22
73 92
6 68
26 57
6 86
10 68
57 63
43 53
77 91
50 58
58 66
53 90
18 58
85 99
17 73
13 91
57 85
18 67
47 79
9 92
14 26
21 40
42 86
14 35
65 93
13 86
0 76
57 90
17 41
67 81
57 99
16 47
48 96
18 26
27 78
9 42
53 67
26 52
31 72
12 15
5 69
49 86
39 75
34 55
47 87
23 73
57 58
70 81
36 93
17 59
16 74
27 46
35 49
0 17
29 84
3 49
31 63
30 78
41 87
10 22
17 27
88 91
24 41
73 96
74 81
44 60
40 43
58 79
32 44
36 61
9 28
2 82
33 38
2 23
52 68
0 71
11 93
34 99
14 48
40 61
32 98
75 93
8 11
12 37
3 44
17 54
56 68
77 81
34 50
68 97
8 70
53 80
35 44
0 12
29 79
19 42
64 98
24 36
4 38
30 91
45 49
51 60
65 83
76 77
46 93
71 88
78 93
43 61
67 71
32 39
27 59
18 75
0 39
37 50
2 18
58 92
36 91
15 37
9 50
13 76
50 93
30 89
2 95
67 98
45 76
19 87
25 48
12 23
4 24
21 93
43 56
86 96
50 61
54 87
72 83
16 23
22 87
70 89
21 43
42 62
28 48
16 82
6 98
2 63
8 24
17 76
79 82
27 54
90 96
26 69
6 89
20 49
19 64
29 60
3 7
13 98
30 36
73 95
54 55
7 33
10 89
51 82
2 99
42 89
32 52
82 97
43 83
53 61
3 84
9 45
5 63
41 90
53 70
50 56
14 56
49 62
57 70
65 86
22 64
21 33
66 67
29 87
69 99
41 63
25 61
34 58
62 81
41 72
38 84
8 19
1 73
21 88
27 49
1 14
0 47
5 99
14 24
21 51
12 35
9 90
51 77
33 91
63 88
81 98
50 83
32 47
49 98
25 29
18 83
33 41
16 72
2 26
11 78
63 70
5 58
61 64
26 32
39 46
28 97
21 65
18 19
30 76
9 58
34 80
6 92
25 65
55 71
59 94
41 58
41 67
42 52
8 73
4 91
88 89
44 99
17 66
13 84
36 41
23 62
47 72
12 40
2 3
5 35
72 91
87 89
56 89
74 79
25 51
41 85
48 99
1 86
62 94
24 98
55 89
20 57
2 21
5 53
11 14
31 38
47 58
0 60
23 39
42 47
27 98
70 74
64 87
51 90
41 53
83 99
11 91
9 53
59 98
61 77
2 48
30 62
83 85
63 65
31 56
14 73
28 33
6 15
46 91
16 35
7 9
48 85
43 59
41 80
35 60
24 25
75 86
32 37
8 36
19 67
15 85
3 10
30 39
74 92
17 47
67 87
40 54
9 48
60 78
1 49
53 73
16 21
13 42
23 92
93 99
2 61
44 48
0 50
55 79
32 82
77 92
51 53
0 23
9 75
38 87
36 49
0 32
2 11
5 43
6 96
49 92
6 37
91 92
74 87
19 80
33 94
18 86
1 94
40 49
10 87
16 48
52 74
75 76
22 93
26 35
53 71
